2.386339569091796875e+01 1.732398986816406250e+01 7.739291191101074219e+00 1.219522595405578613e+00
1.638871002197265625e+01 1.598873710632324219e+01 2.190826177597045898e+00 1.124492883682250977e+00
1.629856872558593750e+01 1.824315643310546875e+01 3.008598089218139648e+00 1.779331922531127930e+00
1.500829219818115234e+01 1.395871448516845703e+01 2.429382801055908203e+00 1.220325112342834473e+00
1.456612396240234375e+01 1.350417423248291016e+01 6.488011837005615234e+00 1.256554722785949707e+00
1.384821414947509766e+01 1.499889945983886719e+01 2.094365358352661133e+00 1.267085075378417969e+00
1.348181533813476562e+01 1.418969631195068359e+01 2.325260162353515625e+00 1.381443142890930176e+00
1.361859226226806641e+01 1.304156208038330078e+01 5.293428897857666016e+00 9.785099625587463379e-01
1.304362583160400391e+01 1.297207546234130859e+01 3.681900262832641602e+00 1.327073812484741211e+00
1.360517501831054688e+01 1.217463970184326172e+01 6.282467365264892578e+00 1.017839789390563965e+00
1.213064002990722656e+01 1.023431682586669922e+01 4.176169395446777344e+00 1.123689413070678711e+00
1.209169483184814453e+01 9.700185775756835938e+00 3.837873697280883789e+00 8.844107985496520996e-01
1.084437751770019531e+01 9.381196022033691406e+00 4.293637275695800781e+00 8.714884519577026367e-01
1.045049667358398438e+01 1.007627105712890625e+01 3.398056745529174805e+00 1.194558262825012207e+00
1.125288581848144531e+01 1.238367748260498047e+01 4.153650760650634766e+00 9.673084616661071777e-01
1.093200874328613281e+01 8.593910217285156250e+00 2.947596073150634766e+00 7.833470702171325684e-01
1.036569499969482422e+01 9.886992454528808594e+00 3.801093339920043945e+00 1.153708577156066895e+00
1.077168369293212891e+01 9.050176620483398438e+00 3.248102426528930664e+00 8.790259957313537598e-01
1.005624198913574219e+01 1.153073787689208984e+01 2.402210474014282227e+00 1.020096778869628906e+00
9.310256004333496094e+00 9.078035354614257812e+00 8.289941787719726562e+00 1.117796897888183594e+00
8.260706901550292969e+00 7.660039424896240234e+00 1.250704050064086914e+00 7.085670828819274902e-01
8.284977912902832031e+00 8.204102516174316406e+00 1.547445058822631836e+00 1.128799438476562500e+00
8.034925460815429688e+00 7.441627502441406250e+00 1.315293550491333008e+00 7.013749480247497559e-01
1.001830005645751953e+01 7.540416717529296875e+00 3.374691724777221680e+00 1.071930170059204102e+00
9.662610054016113281e+00 9.337973594665527344e+00 2.803546905517578125e+00 7.562070488929748535e-01
7.876819610595703125e+00 7.017502784729003906e+00 1.662473201751708984e+00 1.049492359161376953e+00
8.090345382690429688e+00 8.920948028564453125e+00 2.359906911849975586e+00 6.947504281997680664e-01
8.214204788208007812e+00 7.855576992034912109e+00 1.970550417900085449e+00 1.061263442039489746e+00
8.231063842773437500e+00 7.204026222229003906e+00 2.519870519638061523e+00 6.331576704978942871e-01
8.123418807983398438e+00 8.995964050292968750e+00 2.136667490005493164e+00 7.985264658927917480e-01
9.001712799072265625e+00 7.317759513854980469e+00 2.884661197662353516e+00 1.053374052047729492e+00
8.663402557373046875e+00 9.395046234130859375e+00 2.161492109298706055e+00 6.781655550003051758e-01
7.721944332122802734e+00 7.184350490570068359e+00 1.968464970588684082e+00 6.408114433288574219e-01
7.482283592224121094e+00 1.260436820983886719e+01 2.033163070678710938e+00 1.184683322906494141e+00
7.405592918395996094e+00 6.948272705078125000e+00 2.308215379714965820e+00 9.901083707809448242e-01
7.710446357727050781e+00 7.372731208801269531e+00 2.093240737915039062e+00 6.726409792900085449e-01
7.976513862609863281e+00 1.192047214508056641e+01 2.627676725387573242e+00 6.210132241249084473e-01
7.372870445251464844e+00 6.362502574920654297e+00 1.998741269111633301e+00 5.943894982337951660e-01
7.599256992340087891e+00 6.429522514343261719e+00 1.930215477943420410e+00 6.507171392440795898e-01
7.581576824188232422e+00 6.288597106933593750e+00 2.118815898895263672e+00 1.009377717971801758e+00
7.529312610626220703e+00 1.099343109130859375e+01 2.095412492752075195e+00 7.037598490715026855e-01
7.599014759063720703e+00 7.330516815185546875e+00 2.213078260421752930e+00 1.051428556442260742e+00
7.379561901092529297e+00 7.136407375335693359e+00 2.104720592498779297e+00 1.002133131027221680e+00
7.881550788879394531e+00 7.117455959320068359e+00 2.284394979476928711e+00 7.070136070251464844e-01
7.150005817413330078e+00 6.958001613616943359e+00 2.063173294067382812e+00 1.028526544570922852e+00
7.274721622467041016e+00 8.139004707336425781e+00 1.901811122894287109e+00 1.143737792968750000e+00
7.313688755035400391e+00 6.532736778259277344e+00 3.280328989028930664e+00 9.758751988410949707e-01
6.467639446258544922e+00 6.389944076538085938e+00 1.605681180953979492e+00 6.637875437736511230e-01
6.738722324371337891e+00 7.611325740814208984e+00 1.886031985282897949e+00 5.728107690811157227e-01
6.140773296356201172e+00 6.210388660430908203e+00 1.323932647705078125e+00 9.494367837905883789e-01
6.085235595703125000e+00 6.728733062744140625e+00 1.708700776100158691e+00 1.088078498840332031e+00
6.794242858886718750e+00 4.961875915527343750e+00 3.472368240356445312e+00 5.573045611381530762e-01
6.036554336547851562e+00 5.545756340026855469e+00 1.413711786270141602e+00 5.253655910491943359e-01
6.525703430175781250e+00 5.950203418731689453e+00 1.898376345634460449e+00 9.365637898445129395e-01
5.903110504150390625e+00 6.482313632965087891e+00 1.746931314468383789e+00 6.202685236930847168e-01
6.521999835968017578e+00 7.115993499755859375e+00 2.132071495056152344e+00 8.120831251144409180e-01
6.315672874450683594e+00 6.540334224700927734e+00 2.484807968139648438e+00 5.126456618309020996e-01
6.407372474670410156e+00 7.063633918762207031e+00 1.858160972595214844e+00 9.454256296157836914e-01
5.885915756225585938e+00 6.098615169525146484e+00 1.600737333297729492e+00 9.231692552566528320e-01
5.713860034942626953e+00 4.875890254974365234e+00 1.610440135002136230e+00 4.774087965488433838e-01
5.667765140533447266e+00 5.771478176116943359e+00 1.815686464309692383e+00 9.009184241294860840e-01
5.348724842071533203e+00 8.250191688537597656e+00 1.384780645370483398e+00 7.667818665504455566e-01
5.021728038787841797e+00 4.161728382110595703e+00 1.308477878570556641e+00 7.442422509193420410e-01
5.574759006500244141e+00 9.550048828125000000e+00 1.693242907524108887e+00 7.422232627868652344e-01
5.689360618591308594e+00 7.342103004455566406e+00 1.721245408058166504e+00 1.063083648681640625e+00
4.932034492492675781e+00 4.319031715393066406e+00 1.205568313598632812e+00 4.307311475276947021e-01
5.052642345428466797e+00 4.656724452972412109e+00 1.613176465034484863e+00 4.054926931858062744e-01
5.055648326873779297e+00 4.335188865661621094e+00 1.689395427703857422e+00 4.168009757995605469e-01
4.914591789245605469e+00 6.028015613555908203e+00 1.724743485450744629e+00 5.851056575775146484e-01
4.955072879791259766e+00 4.095921993255615234e+00 1.389121890068054199e+00 7.636409997940063477e-01
4.830828666687011719e+00 5.048775672912597656e+00 1.696866631507873535e+00 8.095342516899108887e-01
4.562364578247070312e+00 3.967784404754638672e+00 1.138164520263671875e+00 7.361496686935424805e-01
4.746196269989013672e+00 4.023426055908203125e+00 1.882219076156616211e+00 3.912588953971862793e-01
4.912558078765869141e+00 3.771147251129150391e+00 1.417372584342956543e+00 7.024602293968200684e-01
4.264258861541748047e+00 3.815515041351318359e+00 1.084208369255065918e+00 3.694904148578643799e-01
4.414300441741943359e+00 3.766180753707885742e+00 1.683483958244323730e+00 7.033141255378723145e-01
4.585197925567626953e+00 5.897609710693359375e+00 1.669096827507019043e+00 8.522297143936157227e-01
4.857241630554199219e+00 6.826336860656738281e+00 1.481239080429077148e+00 7.789159417152404785e-01
4.413154602050781250e+00 5.031942844390869141e+00 1.385454058647155762e+00 4.015225172042846680e-01
4.166090011596679688e+00 4.028090476989746094e+00 1.216958522796630859e+00 3.726385831832885742e-01
4.088018894195556641e+00 3.387574434280395508e+00 1.463955760002136230e+00 6.677901148796081543e-01
4.275418758392333984e+00 3.142490625381469727e+00 1.631265878677368164e+00 6.078312397003173828e-01
4.020700454711914062e+00 4.403485298156738281e+00 1.516212224960327148e+00 7.348903417587280273e-01
3.960024356842041016e+00 3.130708694458007812e+00 1.205888986587524414e+00 5.913095474243164062e-01
3.935331821441650391e+00 2.979438781738281250e+00 1.432305693626403809e+00 3.788199424743652344e-01
4.192985534667968750e+00 3.266978740692138672e+00 1.817645549774169922e+00 6.582156419754028320e-01
3.753262996673583984e+00 3.263468503952026367e+00 1.501139998435974121e+00 3.433742523193359375e-01
3.659624099731445312e+00 4.104045867919921875e+00 1.012655377388000488e+00 6.645189523696899414e-01
3.831434965133666992e+00 3.052429914474487305e+00 1.171608090400695801e+00 5.912626981735229492e-01
3.989828348159790039e+00 3.524599313735961914e+00 1.486094117164611816e+00 3.368329405784606934e-01
4.507626533508300781e+00 3.117458581924438477e+00 1.824815034866333008e+00 6.108412146568298340e-01
3.756685495376586914e+00 5.843384265899658203e+00 1.331694364547729492e+00 4.174143970012664795e-01
4.043147563934326172e+00 3.689552783966064453e+00 1.397184610366821289e+00 6.109881401062011719e-01
3.977423191070556641e+00 4.388580799102783203e+00 1.543350696563720703e+00 6.013987660408020020e-01
3.565628767013549805e+00 4.416770458221435547e+00 1.581918954849243164e+00 3.580408692359924316e-01
4.123381137847900391e+00 2.968633890151977539e+00 1.701389789581298828e+00 6.098284125328063965e-01
3.518913030624389648e+00 2.759048461914062500e+00 1.288260340690612793e+00 5.694783329963684082e-01
3.776885032653808594e+00 2.825725555419921875e+00 1.664378523826599121e+00 5.884110927581787109e-01
3.304937601089477539e+00 2.996614217758178711e+00 1.045091390609741211e+00 5.961092710494995117e-01
3.475880146026611328e+00 2.872353553771972656e+00 1.330606818199157715e+00 5.906412601470947266e-01
3.172146558761596680e+00 2.924597501754760742e+00 8.572650551795959473e-01 6.095703244209289551e-01
3.453983068466186523e+00 4.196427345275878906e+00 1.449932336807250977e+00 5.896425247192382812e-01
3.420914888381958008e+00 3.781553983688354492e+00 1.237870693206787109e+00 3.736775517463684082e-01
3.542139291763305664e+00 5.204286098480224609e+00 1.600461125373840332e+00 5.363422036170959473e-01
3.308956146240234375e+00 2.908794641494750977e+00 1.232729434967041016e+00 3.166508078575134277e-01
3.676651000976562500e+00 2.630056858062744141e+00 1.476837158203125000e+00 5.561780929565429688e-01
3.357187747955322266e+00 4.837281703948974609e+00 1.192473292350769043e+00 8.749468326568603516e-01
3.503123998641967773e+00 3.596976757049560547e+00 1.566515803337097168e+00 3.226747214794158936e-01
3.128377199172973633e+00 2.824340105056762695e+00 1.177202582359313965e+00 3.056658208370208740e-01
3.449881315231323242e+00 3.162728786468505859e+00 1.529359817504882812e+00 3.030751645565032959e-01
3.406189680099487305e+00 2.613735437393188477e+00 1.501522898674011230e+00 4.978867471218109131e-01
3.628057003021240234e+00 2.539423227310180664e+00 1.540402650833129883e+00 3.129943907260894775e-01
3.688895225524902344e+00 2.635180473327636719e+00 1.627427816390991211e+00 5.329791307449340820e-01
2.998287439346313477e+00 2.986711263656616211e+00 9.728330373764038086e-01 5.685291886329650879e-01
2.994776010513305664e+00 4.973278045654296875e+00 1.655659794807434082e+00 3.990947008132934570e-01
3.331488370895385742e+00 3.129179477691650391e+00 1.503770589828491211e+00 6.361038684844970703e-01
3.235270977020263672e+00 5.408523559570312500e+00 1.361426949501037598e+00 3.709211051464080811e-01
3.503922700881958008e+00 3.856102466583251953e+00 1.767827391624450684e+00 4.177648425102233887e-01
2.967500448226928711e+00 4.676874637603759766e+00 1.188940286636352539e+00 8.019530177116394043e-01
3.300330877304077148e+00 4.009268760681152344e+00 1.331339001655578613e+00 6.969355940818786621e-01
3.456963062286376953e+00 2.835731983184814453e+00 1.553121447563171387e+00 6.206569671630859375e-01
3.186251401901245117e+00 2.692374706268310547e+00 1.378533601760864258e+00 3.412295281887054443e-01
2.960274457931518555e+00 2.401997566223144531e+00 1.124799251556396484e+00 2.901473045349121094e-01
3.394985437393188477e+00 3.116135835647583008e+00 1.516759514808654785e+00 3.356810510158538818e-01
3.064293384552001953e+00 2.046986341476440430e+00 1.239248156547546387e+00 4.302776157855987549e-01
3.067617893218994141e+00 2.045297384262084961e+00 1.280803799629211426e+00 4.254023730754852295e-01
2.938423395156860352e+00 2.409189462661743164e+00 1.165872097015380859e+00 5.180767178535461426e-01
3.118420124053955078e+00 3.617322206497192383e+00 1.458871126174926758e+00 4.200958907604217529e-01
2.848788976669311523e+00 2.763038396835327148e+00 1.194650411605834961e+00 5.650469064712524414e-01
2.806293725967407227e+00 3.468828916549682617e+00 1.128493309020996094e+00 5.916044116020202637e-01
2.833485603332519531e+00 2.529959440231323242e+00 1.271206736564636230e+00 2.855626344680786133e-01
2.768720388412475586e+00 3.156347274780273438e+00 1.117636680603027344e+00 3.125422596931457520e-01
2.894174814224243164e+00 3.384647846221923828e+00 1.176931262016296387e+00 3.122335672378540039e-01
3.027969360351562500e+00 2.209015369415283203e+00 1.491405725479125977e+00 4.706251919269561768e-01
2.831122159957885742e+00 2.490810632705688477e+00 1.200921773910522461e+00 2.866678237915039062e-01
2.742093563079833984e+00 1.861194491386413574e+00 1.279909849166870117e+00 4.203595817089080811e-01
2.638840913772583008e+00 5.666934013366699219e+00 1.196577787399291992e+00 5.421756505966186523e-01
2.983001232147216797e+00 4.286938190460205078e+00 1.204284191131591797e+00 3.546133041381835938e-01
3.118287563323974609e+00 2.251496076583862305e+00 1.364259839057922363e+00 4.891760647296905518e-01
2.927468299865722656e+00 3.271753311157226562e+00 1.292646884918212891e+00 3.072633147239685059e-01
3.024502992630004883e+00 3.511729478836059570e+00 1.286704778671264648e+00 6.582174897193908691e-01
2.712471961975097656e+00 2.654341459274291992e+00 1.021960020065307617e+00 2.682670354843139648e-01
2.911623239517211914e+00 5.182863235473632812e+00 1.280458927154541016e+00 3.870460689067840576e-01
2.911978960037231445e+00 2.004341125488281250e+00 1.410703659057617188e+00 4.075746536254882812e-01
3.124675512313842773e+00 3.475220680236816406e+00 1.367449998855590820e+00 3.069700002670288086e-01
2.443236351013183594e+00 2.683860063552856445e+00 9.271283149719238281e-01 2.654267549514770508e-01
2.758511543273925781e+00 2.625869035720825195e+00 1.374253153800964355e+00 4.319643378257751465e-01
2.670647621154785156e+00 3.344118118286132812e+00 1.123126745223999023e+00 2.862800061702728271e-01
2.731645584106445312e+00 2.035084486007690430e+00 1.206882596015930176e+00 4.583148956298828125e-01
2.706889867782592773e+00 2.570474147796630859e+00 1.318442463874816895e+00 4.811617732048034668e-01
2.658185482025146484e+00 1.889669418334960938e+00 1.102903246879577637e+00 4.292559325695037842e-01
2.963163137435913086e+00 3.713160991668701172e+00 1.305937886238098145e+00 5.676023364067077637e-01
2.648895740509033203e+00 1.828293800354003906e+00 1.102866291999816895e+00 3.567398190498352051e-01
2.712484121322631836e+00 2.797398567199707031e+00 1.325397253036499023e+00 2.613840997219085693e-01
2.715090990066528320e+00 6.714601516723632812e+00 1.212805032730102539e+00 6.119378805160522461e-01
2.909687280654907227e+00 3.784233093261718750e+00 1.159055352210998535e+00 6.993119716644287109e-01
2.533706665039062500e+00 2.580528736114501953e+00 1.100422143936157227e+00 3.182419538497924805e-01
2.593274354934692383e+00 1.901109933853149414e+00 1.249083042144775391e+00 4.273659288883209229e-01
2.658358573913574219e+00 2.674594640731811523e+00 1.173111081123352051e+00 5.221666097640991211e-01
2.426134586334228516e+00 2.459711313247680664e+00 9.696364402770996094e-01 2.564367949962615967e-01
2.723349332809448242e+00 2.152996540069580078e+00 1.482857584953308105e+00 4.659993350505828857e-01
2.483053684234619141e+00 1.856983423233032227e+00 9.830989837646484375e-01 2.273264676332473755e-01
2.645221233367919922e+00 2.238807678222656250e+00 1.261341214179992676e+00 4.220868647098541260e-01
2.677872180938720703e+00 3.537364959716796875e+00 1.183724284172058105e+00 6.631242632865905762e-01
2.360452413558959961e+00 2.025252819061279297e+00 9.144757986068725586e-01 3.881108164787292480e-01
2.372754335403442383e+00 1.838079810142517090e+00 1.034957647323608398e+00 4.181980192661285400e-01
2.588394165039062500e+00 2.156264781951904297e+00 1.203510642051696777e+00 2.464573979377746582e-01
2.403708934783935547e+00 2.107143402099609375e+00 1.103821754455566406e+00 2.358533740043640137e-01
2.332102060317993164e+00 2.053162574768066406e+00 1.085873484611511230e+00 2.745588421821594238e-01
2.572178602218627930e+00 1.951964139938354492e+00 1.322752594947814941e+00 2.274493575096130371e-01
2.322109937667846680e+00 2.739744901657104492e+00 1.070279240608215332e+00 2.896714806556701660e-01
2.380222558975219727e+00 2.140243053436279297e+00 1.122963905334472656e+00 2.710113525390625000e-01
2.540415048599243164e+00 1.767353773117065430e+00 1.157074332237243652e+00 4.009531736373901367e-01
2.419589519500732422e+00 4.412305355072021484e+00 1.123551607131958008e+00 3.308475613594055176e-01
2.249239444732666016e+00 2.414299726486206055e+00 9.178979992866516113e-01 2.684367001056671143e-01
2.300369262695312500e+00 2.427673578262329102e+00 1.178224563598632812e+00 4.610405862331390381e-01
2.311496496200561523e+00 1.803353548049926758e+00 1.041437745094299316e+00 3.584873676300048828e-01
2.288076162338256836e+00 1.760266065597534180e+00 9.910270571708679199e-01 2.207493633031845093e-01
2.494692087173461914e+00 2.131844520568847656e+00 1.330168366432189941e+00 2.298099696636199951e-01
2.128083467483520508e+00 2.032530784606933594e+00 9.263225793838500977e-01 3.145382404327392578e-01
2.139421463012695312e+00 1.624961733818054199e+00 1.001895189285278320e+00 3.599274456501007080e-01
2.166370153427124023e+00 2.154626131057739258e+00 1.019583582878112793e+00 2.442319840192794800e-01
2.331594705581665039e+00 1.571114420890808105e+00 1.193896532058715820e+00 2.175156176090240479e-01
2.157270908355712891e+00 2.136096954345703125e+00 1.035351514816284180e+00 2.404195964336395264e-01
2.302248001098632812e+00 1.698956489562988281e+00 1.080042004585266113e+00 3.944822847843170166e-01
2.441608190536499023e+00 1.644123792648315430e+00 1.071706891059875488e+00 3.357544839382171631e-01
2.270905733108520508e+00 1.825244069099426270e+00 1.166998386383056641e+00 4.387847483158111572e-01
2.366421937942504883e+00 3.218639373779296875e+00 1.009050607681274414e+00 6.286239027976989746e-01
2.397208929061889648e+00 2.649844646453857422e+00 1.193540692329406738e+00 2.545545399188995361e-01
2.381119728088378906e+00 1.756980180740356445e+00 1.152571678161621094e+00 3.495247066020965576e-01
2.313682079315185547e+00 1.621016979217529297e+00 1.097253084182739258e+00 2.804087400436401367e-01
2.247620344161987305e+00 1.640022039413452148e+00 1.116834998130798340e+00 2.041720747947692871e-01
2.391547918319702148e+00 1.490738749504089355e+00 1.289041161537170410e+00 3.491372466087341309e-01
2.311640024185180664e+00 2.801622390747070312e+00 1.262514591217041016e+00 4.083533287048339844e-01
2.341472625732421875e+00 2.027127742767333984e+00 1.024338126182556152e+00 2.195904254913330078e-01
2.319866418838500977e+00 4.140460014343261719e+00 1.241246461868286133e+00 4.766891002655029297e-01
2.414974212646484375e+00 1.683598875999450684e+00 1.160931825637817383e+00 2.311109155416488647e-01
2.161823987960815430e+00 4.264039516448974609e+00 8.994331955909729004e-01 4.040680527687072754e-01
2.387888669967651367e+00 1.977894663810729980e+00 1.263316035270690918e+00 2.211190611124038696e-01
2.134967565536499023e+00 2.149706602096557617e+00 1.038453817367553711e+00 4.307925701141357422e-01
2.120641946792602539e+00 2.107676744461059570e+00 1.055038094520568848e+00 3.674662113189697266e-01
2.211095571517944336e+00 1.453902363777160645e+00 1.261816740036010742e+00 3.310931921005249023e-01
2.201879739761352539e+00 1.400552749633789062e+00 1.004352927207946777e+00 3.328597247600555420e-01
2.245453357696533203e+00 5.715595722198486328e+00 1.158963561058044434e+00 4.080519378185272217e-01
2.122034072875976562e+00 4.498818397521972656e+00 9.949536323547363281e-01 3.579831421375274658e-01
2.050148725509643555e+00 2.907992362976074219e+00 1.030739665031433105e+00 5.818035602569580078e-01
2.135215282440185547e+00 3.514504432678222656e+00 1.067811250686645508e+00 3.818948268890380859e-01
2.221162319183349609e+00 1.665953636169433594e+00 1.103554248809814453e+00 2.203010916709899902e-01
1.991993665695190430e+00 2.288244962692260742e+00 1.068061232566833496e+00 3.054629266262054443e-01
1.884422779083251953e+00 2.934966087341308594e+00 8.933104276657104492e-01 2.776500582695007324e-01
2.003853082656860352e+00 1.491979002952575684e+00 1.105288863182067871e+00 3.032251000404357910e-01
1.994505643844604492e+00 1.584240794181823730e+00 1.145134449005126953e+00 1.838668733835220337e-01
2.031875133514404297e+00 1.333298683166503906e+00 1.006845593452453613e+00 3.245958685874938965e-01
1.928650498390197754e+00 1.437121391296386719e+00 1.145259022712707520e+00 3.303163349628448486e-01
1.990741491317749023e+00 1.442837953567504883e+00 1.079645395278930664e+00 3.162385821342468262e-01
1.980040550231933594e+00 1.347699642181396484e+00 1.042783856391906738e+00 3.228989243507385254e-01
1.876698136329650879e+00 1.280793905258178711e+00 8.377181887626647949e-01 3.119722604751586914e-01
1.855009078979492188e+00 2.389130353927612305e+00 8.681620359420776367e-01 4.277954101562500000e-01
1.983904719352722168e+00 1.299059510231018066e+00 1.009628891944885254e+00 3.031792044639587402e-01
1.798625469207763672e+00 1.398402333259582520e+00 9.343589544296264648e-01 1.991758793592453003e-01
1.744176626205444336e+00 1.605331063270568848e+00 1.007971525192260742e+00 3.514370620250701904e-01
1.841699719429016113e+00 2.353087425231933594e+00 9.935438036918640137e-01 5.131686329841613770e-01
1.627943873405456543e+00 2.954017639160156250e+00 9.344877004623413086e-01 2.609295248985290527e-01
1.738240003585815430e+00 3.061081409454345703e+00 8.621814846992492676e-01 2.730065286159515381e-01
1.865299582481384277e+00 1.442287445068359375e+00 1.020400047302246094e+00 2.266998291015625000e-01
1.878125429153442383e+00 2.540312767028808594e+00 8.184773921966552734e-01 2.495045065879821777e-01
1.645202279090881348e+00 1.232312202453613281e+00 7.754842042922973633e-01 1.704711467027664185e-01
1.714830040931701660e+00 1.175258755683898926e+00 8.300888538360595703e-01 2.636574208736419678e-01
1.582520723342895508e+00 1.175429344177246094e+00 8.050208687782287598e-01 2.952992618083953857e-01
1.676503300666809082e+00 1.058995127677917480e+00 1.033020853996276855e+00 1.867844611406326294e-01
1.671506404876708984e+00 1.314118146896362305e+00 9.068109989166259766e-01 1.996457576751708984e-01
1.526054143905639648e+00 1.092557072639465332e+00 7.293068766593933105e-01 2.899587154388427734e-01
1.452000021934509277e+00 1.523169398307800293e+00 8.005963563919067383e-01 1.872686445713043213e-01
1.491317510604858398e+00 1.274830698966979980e+00 8.232564330101013184e-01 1.598672419786453247e-01
1.534562230110168457e+00 9.898570179939270020e-01 8.875655531883239746e-01 2.692897319793701172e-01
1.429249167442321777e+00 1.370722532272338867e+00 7.608836889266967773e-01 1.680309325456619263e-01
1.486687541007995605e+00 1.402906775474548340e+00 8.630408048629760742e-01 1.826908439397811890e-01
1.492472529411315918e+00 1.258203864097595215e+00 7.662728428840637207e-01 3.312458992004394531e-01
1.655501484870910645e+00 2.200444221496582031e+00 7.898493409156799316e-01 4.710043668746948242e-01
1.486813545227050781e+00 1.115261077880859375e+00 8.509007096290588379e-01 2.060906887054443359e-01
1.534269452095031738e+00 9.824262857437133789e-01 8.410784006118774414e-01 2.690774202346801758e-01
1.403338074684143066e+00 1.131614804267883301e+00 7.221369147300720215e-01 2.660282254219055176e-01
1.377701878547668457e+00 1.259487628936767578e+00 6.732776165008544922e-01 2.475758343935012817e-01
1.296005368232727051e+00 1.496714711189270020e+00 6.494820713996887207e-01 3.329729139804840088e-01
1.398807048797607422e+00 1.262487411499023438e+00 7.546324133872985840e-01 1.646270304918289185e-01
1.291731238365173340e+00 1.194273114204406738e+00 6.316270232200622559e-01 1.758396178483963013e-01
1.304580688476562500e+00 1.273848176002502441e+00 7.144438028335571289e-01 1.796942949295043945e-01
1.265962123870849609e+00 9.426059722900390625e-01 6.389025449752807617e-01 1.500841528177261353e-01
1.306443333625793457e+00 1.188368797302246094e+00 7.697746753692626953e-01 1.574747860431671143e-01
1.349255323410034180e+00 9.193336963653564453e-01 6.847139000892639160e-01 2.409431934356689453e-01
1.351289629936218262e+00 9.330732822418212891e-01 7.549152970314025879e-01 1.385350972414016724e-01
1.255105018615722656e+00 1.026584863662719727e+00 6.284077763557434082e-01 1.427330821752548218e-01
1.330641031265258789e+00 1.614956736564636230e+00 8.192016482353210449e-01 2.400485873222351074e-01
1.399326562881469727e+00 1.124852418899536133e+00 7.333189249038696289e-01 1.461214721202850342e-01
1.284917593002319336e+00 1.049923539161682129e+00 6.453765630722045898e-01 3.077844083309173584e-01
1.289902687072753906e+00 8.633769154548645020e-01 6.723064184188842773e-01 2.313694804906845093e-01
1.150123238563537598e+00 1.054644107818603516e+00 5.745847821235656738e-01 1.296423971652984619e-01
1.234617352485656738e+00 1.207657337188720703e+00 6.583509445190429688e-01 1.686357110738754272e-01
1.044300079345703125e+00 9.382527470588684082e-01 4.977537095546722412e-01 1.843855977058410645e-01
1.187907934188842773e+00 8.530704379081726074e-01 7.086565494537353516e-01 2.401504069566726685e-01
1.119657754898071289e+00 1.417276978492736816e+00 5.591145753860473633e-01 2.733309566974639893e-01
1.040479063987731934e+00 8.294064402580261230e-01 4.836849272251129150e-01 1.230929270386695862e-01
1.048098206520080566e+00 8.171311020851135254e-01 4.994480907917022705e-01 2.352966070175170898e-01
1.054985761642456055e+00 9.819393157958984375e-01 5.814531445503234863e-01 2.724324464797973633e-01
1.111073017120361328e+00 1.912586927413940430e+00 5.542423129081726074e-01 2.851161956787109375e-01
1.113906860351562500e+00 7.674479484558105469e-01 6.151518225669860840e-01 1.134831756353378296e-01
1.105183839797973633e+00 6.997715830802917480e-01 8.552913665771484375e-01 2.066536545753479004e-01
9.411433339118957520e-01 7.495844960212707520e-01 4.222867190837860107e-01 2.281012833118438721e-01
1.020179748535156250e+00 9.472378492355346680e-01 5.191642642021179199e-01 2.789811789989471436e-01
1.055580496788024902e+00 7.934262156486511230e-01 5.460966825485229492e-01 1.982150077819824219e-01
9.673321843147277832e-01 8.554449081420898438e-01 4.779398143291473389e-01 2.640627622604370117e-01
1.010826349258422852e+00 7.804093956947326660e-01 5.053299069404602051e-01 1.093588694930076599e-01
9.466997385025024414e-01 7.707987427711486816e-01 4.932457506656646729e-01 2.144896686077117920e-01
9.419040679931640625e-01 8.021779060363769531e-01 4.702329635620117188e-01 2.139535993337631226e-01
9.660672545433044434e-01 6.167327165603637695e-01 4.488269388675689697e-01 1.813828200101852417e-01
9.647383093833923340e-01 7.645798921585083008e-01 4.616064429283142090e-01 2.008789181709289551e-01
9.653086662292480469e-01 1.170622706413269043e+00 5.203242301940917969e-01 1.356808990240097046e-01
9.096386432647705078e-01 7.792444825172424316e-01 4.578826725482940674e-01 2.132192999124526978e-01
0.000000000000000000e+00 0.000000000000000000e+00 0.000000000000000000e+00 0.000000000000000000e+00
0.000000000000000000e+00 0.000000000000000000e+00 0.000000000000000000e+00 0.000000000000000000e+00
0.000000000000000000e+00 0.000000000000000000e+00 0.000000000000000000e+00 0.000000000000000000e+00
0.000000000000000000e+00 0.000000000000000000e+00 0.000000000000000000e+00 0.000000000000000000e+00
0.000000000000000000e+00 0.000000000000000000e+00 0.000000000000000000e+00 0.000000000000000000e+00
0.000000000000000000e+00 0.000000000000000000e+00 0.000000000000000000e+00 0.000000000000000000e+00
0.000000000000000000e+00 0.000000000000000000e+00 0.000000000000000000e+00 0.000000000000000000e+00
0.000000000000000000e+00 0.000000000000000000e+00 0.000000000000000000e+00 0.000000000000000000e+00
0.000000000000000000e+00 0.000000000000000000e+00 0.000000000000000000e+00 0.000000000000000000e+00
0.000000000000000000e+00 0.000000000000000000e+00 0.000000000000000000e+00 0.000000000000000000e+00
0.000000000000000000e+00 0.000000000000000000e+00 0.000000000000000000e+00 0.000000000000000000e+00
0.000000000000000000e+00 0.000000000000000000e+00 0.000000000000000000e+00 0.000000000000000000e+00
0.000000000000000000e+00 0.000000000000000000e+00 0.000000000000000000e+00 0.000000000000000000e+00
0.000000000000000000e+00 0.000000000000000000e+00 0.000000000000000000e+00 0.000000000000000000e+00
0.000000000000000000e+00 0.000000000000000000e+00 0.000000000000000000e+00 0.000000000000000000e+00
0.000000000000000000e+00 0.000000000000000000e+00 0.000000000000000000e+00 0.000000000000000000e+00
0.000000000000000000e+00 0.000000000000000000e+00 0.000000000000000000e+00 0.000000000000000000e+00
0.000000000000000000e+00 0.000000000000000000e+00 0.000000000000000000e+00 0.000000000000000000e+00
0.000000000000000000e+00 0.000000000000000000e+00 0.000000000000000000e+00 0.000000000000000000e+00
0.000000000000000000e+00 0.000000000000000000e+00 0.000000000000000000e+00 0.000000000000000000e+00
0.000000000000000000e+00 0.000000000000000000e+00 0.000000000000000000e+00 0.000000000000000000e+00
0.000000000000000000e+00 0.000000000000000000e+00 0.000000000000000000e+00 0.000000000000000000e+00
0.000000000000000000e+00 0.000000000000000000e+00 0.000000000000000000e+00 0.000000000000000000e+00
0.000000000000000000e+00 0.000000000000000000e+00 0.000000000000000000e+00 0.000000000000000000e+00
0.000000000000000000e+00 0.000000000000000000e+00 0.000000000000000000e+00 0.000000000000000000e+00
0.000000000000000000e+00 0.000000000000000000e+00 0.000000000000000000e+00 0.000000000000000000e+00
0.000000000000000000e+00 0.000000000000000000e+00 0.000000000000000000e+00 0.000000000000000000e+00
0.000000000000000000e+00 0.000000000000000000e+00 0.000000000000000000e+00 0.000000000000000000e+00
0.000000000000000000e+00 0.000000000000000000e+00 0.000000000000000000e+00 0.000000000000000000e+00
0.000000000000000000e+00 0.000000000000000000e+00 0.000000000000000000e+00 0.000000000000000000e+00
0.000000000000000000e+00 0.000000000000000000e+00 0.000000000000000000e+00 0.000000000000000000e+00
0.000000000000000000e+00 0.000000000000000000e+00 0.000000000000000000e+00 0.000000000000000000e+00
0.000000000000000000e+00 0.000000000000000000e+00 0.000000000000000000e+00 0.000000000000000000e+00
0.000000000000000000e+00 0.000000000000000000e+00 0.000000000000000000e+00 0.000000000000000000e+00
0.000000000000000000e+00 0.000000000000000000e+00 0.000000000000000000e+00 0.000000000000000000e+00
0.000000000000000000e+00 0.000000000000000000e+00 0.000000000000000000e+00 0.000000000000000000e+00
0.000000000000000000e+00 0.000000000000000000e+00 0.000000000000000000e+00 0.000000000000000000e+00
0.000000000000000000e+00 0.000000000000000000e+00 0.000000000000000000e+00 0.000000000000000000e+00
0.000000000000000000e+00 0.000000000000000000e+00 0.000000000000000000e+00 0.000000000000000000e+00
0.000000000000000000e+00 0.000000000000000000e+00 0.000000000000000000e+00 0.000000000000000000e+00
0.000000000000000000e+00 0.000000000000000000e+00 0.000000000000000000e+00 0.000000000000000000e+00
0.000000000000000000e+00 0.000000000000000000e+00 0.000000000000000000e+00 0.000000000000000000e+00
0.000000000000000000e+00 0.000000000000000000e+00 0.000000000000000000e+00 0.000000000000000000e+00
0.000000000000000000e+00 0.000000000000000000e+00 0.000000000000000000e+00 0.000000000000000000e+00
0.000000000000000000e+00 0.000000000000000000e+00 0.000000000000000000e+00 0.000000000000000000e+00
0.000000000000000000e+00 0.000000000000000000e+00 0.000000000000000000e+00 0.000000000000000000e+00
0.000000000000000000e+00 0.000000000000000000e+00 0.000000000000000000e+00 0.000000000000000000e+00
0.000000000000000000e+00 0.000000000000000000e+00 0.000000000000000000e+00 0.000000000000000000e+00
0.000000000000000000e+00 0.000000000000000000e+00 0.000000000000000000e+00 0.000000000000000000e+00
0.000000000000000000e+00 0.000000000000000000e+00 0.000000000000000000e+00 0.000000000000000000e+00
0.000000000000000000e+00 0.000000000000000000e+00 0.000000000000000000e+00 0.000000000000000000e+00
0.000000000000000000e+00 0.000000000000000000e+00 0.000000000000000000e+00 0.000000000000000000e+00
0.000000000000000000e+00 0.000000000000000000e+00 0.000000000000000000e+00 0.000000000000000000e+00
0.000000000000000000e+00 0.000000000000000000e+00 0.000000000000000000e+00 0.000000000000000000e+00
0.000000000000000000e+00 0.000000000000000000e+00 0.000000000000000000e+00 0.000000000000000000e+00
0.000000000000000000e+00 0.000000000000000000e+00 0.000000000000000000e+00 0.000000000000000000e+00
0.000000000000000000e+00 0.000000000000000000e+00 0.000000000000000000e+00 0.000000000000000000e+00
0.000000000000000000e+00 0.000000000000000000e+00 0.000000000000000000e+00 0.000000000000000000e+00
0.000000000000000000e+00 0.000000000000000000e+00 0.000000000000000000e+00 0.000000000000000000e+00
0.000000000000000000e+00 0.000000000000000000e+00 0.000000000000000000e+00 0.000000000000000000e+00
0.000000000000000000e+00 0.000000000000000000e+00 0.000000000000000000e+00 0.000000000000000000e+00
0.000000000000000000e+00 0.000000000000000000e+00 0.000000000000000000e+00 0.000000000000000000e+00
0.000000000000000000e+00 0.000000000000000000e+00 0.000000000000000000e+00 0.000000000000000000e+00
0.000000000000000000e+00 0.000000000000000000e+00 0.000000000000000000e+00 0.000000000000000000e+00
0.000000000000000000e+00 0.000000000000000000e+00 0.000000000000000000e+00 0.000000000000000000e+00
0.000000000000000000e+00 0.000000000000000000e+00 0.000000000000000000e+00 0.000000000000000000e+00
0.000000000000000000e+00 0.000000000000000000e+00 0.000000000000000000e+00 0.000000000000000000e+00
0.000000000000000000e+00 0.000000000000000000e+00 0.000000000000000000e+00 0.000000000000000000e+00
0.000000000000000000e+00 0.000000000000000000e+00 0.000000000000000000e+00 0.000000000000000000e+00
0.000000000000000000e+00 0.000000000000000000e+00 0.000000000000000000e+00 0.000000000000000000e+00
0.000000000000000000e+00 0.000000000000000000e+00 0.000000000000000000e+00 0.000000000000000000e+00
0.000000000000000000e+00 0.000000000000000000e+00 0.000000000000000000e+00 0.000000000000000000e+00
0.000000000000000000e+00 0.000000000000000000e+00 0.000000000000000000e+00 0.000000000000000000e+00
0.000000000000000000e+00 0.000000000000000000e+00 0.000000000000000000e+00 0.000000000000000000e+00
0.000000000000000000e+00 0.000000000000000000e+00 0.000000000000000000e+00 0.000000000000000000e+00
0.000000000000000000e+00 0.000000000000000000e+00 0.000000000000000000e+00 0.000000000000000000e+00
0.000000000000000000e+00 0.000000000000000000e+00 0.000000000000000000e+00 0.000000000000000000e+00
0.000000000000000000e+00 0.000000000000000000e+00 0.000000000000000000e+00 0.000000000000000000e+00
0.000000000000000000e+00 0.000000000000000000e+00 0.000000000000000000e+00 0.000000000000000000e+00
0.000000000000000000e+00 0.000000000000000000e+00 0.000000000000000000e+00 0.000000000000000000e+00
0.000000000000000000e+00 0.000000000000000000e+00 0.000000000000000000e+00 0.000000000000000000e+00
0.000000000000000000e+00 0.000000000000000000e+00 0.000000000000000000e+00 0.000000000000000000e+00
0.000000000000000000e+00 0.000000000000000000e+00 0.000000000000000000e+00 0.000000000000000000e+00
0.000000000000000000e+00 0.000000000000000000e+00 0.000000000000000000e+00 0.000000000000000000e+00
0.000000000000000000e+00 0.000000000000000000e+00 0.000000000000000000e+00 0.000000000000000000e+00
0.000000000000000000e+00 0.000000000000000000e+00 0.000000000000000000e+00 0.000000000000000000e+00
0.000000000000000000e+00 0.000000000000000000e+00 0.000000000000000000e+00 0.000000000000000000e+00
0.000000000000000000e+00 0.000000000000000000e+00 0.000000000000000000e+00 0.000000000000000000e+00
0.000000000000000000e+00 0.000000000000000000e+00 0.000000000000000000e+00 0.000000000000000000e+00
0.000000000000000000e+00 0.000000000000000000e+00 0.000000000000000000e+00 0.000000000000000000e+00
0.000000000000000000e+00 0.000000000000000000e+00 0.000000000000000000e+00 0.000000000000000000e+00
0.000000000000000000e+00 0.000000000000000000e+00 0.000000000000000000e+00 0.000000000000000000e+00
0.000000000000000000e+00 0.000000000000000000e+00 0.000000000000000000e+00 0.000000000000000000e+00
0.000000000000000000e+00 0.000000000000000000e+00 0.000000000000000000e+00 0.000000000000000000e+00
0.000000000000000000e+00 0.000000000000000000e+00 0.000000000000000000e+00 0.000000000000000000e+00
0.000000000000000000e+00 0.000000000000000000e+00 0.000000000000000000e+00 0.000000000000000000e+00
0.000000000000000000e+00 0.000000000000000000e+00 0.000000000000000000e+00 0.000000000000000000e+00
0.000000000000000000e+00 0.000000000000000000e+00 0.000000000000000000e+00 0.000000000000000000e+00
0.000000000000000000e+00 0.000000000000000000e+00 0.000000000000000000e+00 0.000000000000000000e+00
0.000000000000000000e+00 0.000000000000000000e+00 0.000000000000000000e+00 0.000000000000000000e+00
0.000000000000000000e+00 0.000000000000000000e+00 0.000000000000000000e+00 0.000000000000000000e+00
0.000000000000000000e+00 0.000000000000000000e+00 0.000000000000000000e+00 0.000000000000000000e+00
0.000000000000000000e+00 0.000000000000000000e+00 0.000000000000000000e+00 0.000000000000000000e+00
0.000000000000000000e+00 0.000000000000000000e+00 0.000000000000000000e+00 0.000000000000000000e+00
0.000000000000000000e+00 0.000000000000000000e+00 0.000000000000000000e+00 0.000000000000000000e+00
0.000000000000000000e+00 0.000000000000000000e+00 0.000000000000000000e+00 0.000000000000000000e+00
0.000000000000000000e+00 0.000000000000000000e+00 0.000000000000000000e+00 0.000000000000000000e+00
0.000000000000000000e+00 0.000000000000000000e+00 0.000000000000000000e+00 0.000000000000000000e+00
0.000000000000000000e+00 0.000000000000000000e+00 0.000000000000000000e+00 0.000000000000000000e+00
0.000000000000000000e+00 0.000000000000000000e+00 0.000000000000000000e+00 0.000000000000000000e+00
0.000000000000000000e+00 0.000000000000000000e+00 0.000000000000000000e+00 0.000000000000000000e+00
0.000000000000000000e+00 0.000000000000000000e+00 0.000000000000000000e+00 0.000000000000000000e+00
0.000000000000000000e+00 0.000000000000000000e+00 0.000000000000000000e+00 0.000000000000000000e+00
0.000000000000000000e+00 0.000000000000000000e+00 0.000000000000000000e+00 0.000000000000000000e+00
0.000000000000000000e+00 0.000000000000000000e+00 0.000000000000000000e+00 0.000000000000000000e+00
0.000000000000000000e+00 0.000000000000000000e+00 0.000000000000000000e+00 0.000000000000000000e+00
0.000000000000000000e+00 0.000000000000000000e+00 0.000000000000000000e+00 0.000000000000000000e+00
0.000000000000000000e+00 0.000000000000000000e+00 0.000000000000000000e+00 0.000000000000000000e+00
0.000000000000000000e+00 0.000000000000000000e+00 0.000000000000000000e+00 0.000000000000000000e+00
0.000000000000000000e+00 0.000000000000000000e+00 0.000000000000000000e+00 0.000000000000000000e+00
0.000000000000000000e+00 0.000000000000000000e+00 0.000000000000000000e+00 0.000000000000000000e+00
0.000000000000000000e+00 0.000000000000000000e+00 0.000000000000000000e+00 0.000000000000000000e+00
0.000000000000000000e+00 0.000000000000000000e+00 0.000000000000000000e+00 0.000000000000000000e+00
0.000000000000000000e+00 0.000000000000000000e+00 0.000000000000000000e+00 0.000000000000000000e+00
0.000000000000000000e+00 0.000000000000000000e+00 0.000000000000000000e+00 0.000000000000000000e+00
0.000000000000000000e+00 0.000000000000000000e+00 0.000000000000000000e+00 0.000000000000000000e+00
0.000000000000000000e+00 0.000000000000000000e+00 0.000000000000000000e+00 0.000000000000000000e+00
0.000000000000000000e+00 0.000000000000000000e+00 0.000000000000000000e+00 0.000000000000000000e+00
0.000000000000000000e+00 0.000000000000000000e+00 0.000000000000000000e+00 0.000000000000000000e+00
0.000000000000000000e+00 0.000000000000000000e+00 0.000000000000000000e+00 0.000000000000000000e+00
0.000000000000000000e+00 0.000000000000000000e+00 0.000000000000000000e+00 0.000000000000000000e+00
0.000000000000000000e+00 0.000000000000000000e+00 0.000000000000000000e+00 0.000000000000000000e+00
0.000000000000000000e+00 0.000000000000000000e+00 0.000000000000000000e+00 0.000000000000000000e+00
0.000000000000000000e+00 0.000000000000000000e+00 0.000000000000000000e+00 0.000000000000000000e+00
0.000000000000000000e+00 0.000000000000000000e+00 0.000000000000000000e+00 0.000000000000000000e+00
0.000000000000000000e+00 0.000000000000000000e+00 0.000000000000000000e+00 0.000000000000000000e+00
0.000000000000000000e+00 0.000000000000000000e+00 0.000000000000000000e+00 0.000000000000000000e+00
0.000000000000000000e+00 0.000000000000000000e+00 0.000000000000000000e+00 0.000000000000000000e+00
0.000000000000000000e+00 0.000000000000000000e+00 0.000000000000000000e+00 0.000000000000000000e+00
0.000000000000000000e+00 0.000000000000000000e+00 0.000000000000000000e+00 0.000000000000000000e+00
0.000000000000000000e+00 0.000000000000000000e+00 0.000000000000000000e+00 0.000000000000000000e+00
0.000000000000000000e+00 0.000000000000000000e+00 0.000000000000000000e+00 0.000000000000000000e+00
0.000000000000000000e+00 0.000000000000000000e+00 0.000000000000000000e+00 0.000000000000000000e+00
0.000000000000000000e+00 0.000000000000000000e+00 0.000000000000000000e+00 0.000000000000000000e+00
0.000000000000000000e+00 0.000000000000000000e+00 0.000000000000000000e+00 0.000000000000000000e+00
0.000000000000000000e+00 0.000000000000000000e+00 0.000000000000000000e+00 0.000000000000000000e+00
0.000000000000000000e+00 0.000000000000000000e+00 0.000000000000000000e+00 0.000000000000000000e+00
0.000000000000000000e+00 0.000000000000000000e+00 0.000000000000000000e+00 0.000000000000000000e+00
0.000000000000000000e+00 0.000000000000000000e+00 0.000000000000000000e+00 0.000000000000000000e+00
0.000000000000000000e+00 0.000000000000000000e+00 0.000000000000000000e+00 0.000000000000000000e+00
0.000000000000000000e+00 0.000000000000000000e+00 0.000000000000000000e+00 0.000000000000000000e+00
0.000000000000000000e+00 0.000000000000000000e+00 0.000000000000000000e+00 0.000000000000000000e+00
0.000000000000000000e+00 0.000000000000000000e+00 0.000000000000000000e+00 0.000000000000000000e+00
0.000000000000000000e+00 0.000000000000000000e+00 0.000000000000000000e+00 0.000000000000000000e+00
0.000000000000000000e+00 0.000000000000000000e+00 0.000000000000000000e+00 0.000000000000000000e+00
0.000000000000000000e+00 0.000000000000000000e+00 0.000000000000000000e+00 0.000000000000000000e+00
0.000000000000000000e+00 0.000000000000000000e+00 0.000000000000000000e+00 0.000000000000000000e+00
0.000000000000000000e+00 0.000000000000000000e+00 0.000000000000000000e+00 0.000000000000000000e+00
0.000000000000000000e+00 0.000000000000000000e+00 0.000000000000000000e+00 0.000000000000000000e+00
0.000000000000000000e+00 0.000000000000000000e+00 0.000000000000000000e+00 0.000000000000000000e+00
0.000000000000000000e+00 0.000000000000000000e+00 0.000000000000000000e+00 0.000000000000000000e+00
0.000000000000000000e+00 0.000000000000000000e+00 0.000000000000000000e+00 0.000000000000000000e+00
0.000000000000000000e+00 0.000000000000000000e+00 0.000000000000000000e+00 0.000000000000000000e+00
0.000000000000000000e+00 0.000000000000000000e+00 0.000000000000000000e+00 0.000000000000000000e+00
0.000000000000000000e+00 0.000000000000000000e+00 0.000000000000000000e+00 0.000000000000000000e+00
0.000000000000000000e+00 0.000000000000000000e+00 0.000000000000000000e+00 0.000000000000000000e+00
0.000000000000000000e+00 0.000000000000000000e+00 0.000000000000000000e+00 0.000000000000000000e+00
0.000000000000000000e+00 0.000000000000000000e+00 0.000000000000000000e+00 0.000000000000000000e+00
0.000000000000000000e+00 0.000000000000000000e+00 0.000000000000000000e+00 0.000000000000000000e+00
0.000000000000000000e+00 0.000000000000000000e+00 0.000000000000000000e+00 0.000000000000000000e+00
0.000000000000000000e+00 0.000000000000000000e+00 0.000000000000000000e+00 0.000000000000000000e+00
0.000000000000000000e+00 0.000000000000000000e+00 0.000000000000000000e+00 0.000000000000000000e+00
0.000000000000000000e+00 0.000000000000000000e+00 0.000000000000000000e+00 0.000000000000000000e+00
0.000000000000000000e+00 0.000000000000000000e+00 0.000000000000000000e+00 0.000000000000000000e+00
0.000000000000000000e+00 0.000000000000000000e+00 0.000000000000000000e+00 0.000000000000000000e+00
0.000000000000000000e+00 0.000000000000000000e+00 0.000000000000000000e+00 0.000000000000000000e+00
0.000000000000000000e+00 0.000000000000000000e+00 0.000000000000000000e+00 0.000000000000000000e+00
0.000000000000000000e+00 0.000000000000000000e+00 0.000000000000000000e+00 0.000000000000000000e+00
0.000000000000000000e+00 0.000000000000000000e+00 0.000000000000000000e+00 0.000000000000000000e+00
0.000000000000000000e+00 0.000000000000000000e+00 0.000000000000000000e+00 0.000000000000000000e+00
0.000000000000000000e+00 0.000000000000000000e+00 0.000000000000000000e+00 0.000000000000000000e+00
0.000000000000000000e+00 0.000000000000000000e+00 0.000000000000000000e+00 0.000000000000000000e+00
0.000000000000000000e+00 0.000000000000000000e+00 0.000000000000000000e+00 0.000000000000000000e+00
0.000000000000000000e+00 0.000000000000000000e+00 0.000000000000000000e+00 0.000000000000000000e+00
0.000000000000000000e+00 0.000000000000000000e+00 0.000000000000000000e+00 0.000000000000000000e+00
0.000000000000000000e+00 0.000000000000000000e+00 0.000000000000000000e+00 0.000000000000000000e+00
0.000000000000000000e+00 0.000000000000000000e+00 0.000000000000000000e+00 0.000000000000000000e+00
0.000000000000000000e+00 0.000000000000000000e+00 0.000000000000000000e+00 0.000000000000000000e+00
0.000000000000000000e+00 0.000000000000000000e+00 0.000000000000000000e+00 0.000000000000000000e+00
0.000000000000000000e+00 0.000000000000000000e+00 0.000000000000000000e+00 0.000000000000000000e+00
0.000000000000000000e+00 0.000000000000000000e+00 0.000000000000000000e+00 0.000000000000000000e+00
0.000000000000000000e+00 0.000000000000000000e+00 0.000000000000000000e+00 0.000000000000000000e+00
0.000000000000000000e+00 0.000000000000000000e+00 0.000000000000000000e+00 0.000000000000000000e+00
0.000000000000000000e+00 0.000000000000000000e+00 0.000000000000000000e+00 0.000000000000000000e+00
0.000000000000000000e+00 0.000000000000000000e+00 0.000000000000000000e+00 0.000000000000000000e+00
0.000000000000000000e+00 0.000000000000000000e+00 0.000000000000000000e+00 0.000000000000000000e+00
0.000000000000000000e+00 0.000000000000000000e+00 0.000000000000000000e+00 0.000000000000000000e+00
0.000000000000000000e+00 0.000000000000000000e+00 0.000000000000000000e+00 0.000000000000000000e+00
0.000000000000000000e+00 0.000000000000000000e+00 0.000000000000000000e+00 0.000000000000000000e+00
0.000000000000000000e+00 0.000000000000000000e+00 0.000000000000000000e+00 0.000000000000000000e+00
0.000000000000000000e+00 0.000000000000000000e+00 0.000000000000000000e+00 0.000000000000000000e+00
0.000000000000000000e+00 0.000000000000000000e+00 0.000000000000000000e+00 0.000000000000000000e+00
0.000000000000000000e+00 0.000000000000000000e+00 0.000000000000000000e+00 0.000000000000000000e+00
0.000000000000000000e+00 0.000000000000000000e+00 0.000000000000000000e+00 0.000000000000000000e+00
0.000000000000000000e+00 0.000000000000000000e+00 0.000000000000000000e+00 0.000000000000000000e+00
0.000000000000000000e+00 0.000000000000000000e+00 0.000000000000000000e+00 0.000000000000000000e+00
0.000000000000000000e+00 0.000000000000000000e+00 0.000000000000000000e+00 0.000000000000000000e+00
0.000000000000000000e+00 0.000000000000000000e+00 0.000000000000000000e+00 0.000000000000000000e+00
0.000000000000000000e+00 0.000000000000000000e+00 0.000000000000000000e+00 0.000000000000000000e+00
0.000000000000000000e+00 0.000000000000000000e+00 0.000000000000000000e+00 0.000000000000000000e+00
0.000000000000000000e+00 0.000000000000000000e+00 0.000000000000000000e+00 0.000000000000000000e+00
0.000000000000000000e+00 0.000000000000000000e+00 0.000000000000000000e+00 0.000000000000000000e+00
0.000000000000000000e+00 0.000000000000000000e+00 0.000000000000000000e+00 0.000000000000000000e+00
0.000000000000000000e+00 0.000000000000000000e+00 0.000000000000000000e+00 0.000000000000000000e+00
0.000000000000000000e+00 0.000000000000000000e+00 0.000000000000000000e+00 0.000000000000000000e+00
0.000000000000000000e+00 0.000000000000000000e+00 0.000000000000000000e+00 0.000000000000000000e+00
0.000000000000000000e+00 0.000000000000000000e+00 0.000000000000000000e+00 0.000000000000000000e+00
0.000000000000000000e+00 0.000000000000000000e+00 0.000000000000000000e+00 0.000000000000000000e+00
0.000000000000000000e+00 0.000000000000000000e+00 0.000000000000000000e+00 0.000000000000000000e+00
0.000000000000000000e+00 0.000000000000000000e+00 0.000000000000000000e+00 0.000000000000000000e+00
0.000000000000000000e+00 0.000000000000000000e+00 0.000000000000000000e+00 0.000000000000000000e+00
0.000000000000000000e+00 0.000000000000000000e+00 0.000000000000000000e+00 0.000000000000000000e+00
